[gd_scene load_steps=5 format=2]

[ext_resource path="res://mouth/Mouth.tscn" type="PackedScene" id=1]
[ext_resource path="res://toothbrush/Toothbrush.tscn" type="PackedScene" id=2]
[ext_resource path="res://level/ToothbrushController.cs" type="Script" id=3]
[ext_resource path="res://toothbrush/Toothbrush.cs" type="Script" id=4]

[node name="TestLevel" type="Spatial"]

[node name="ToothbrushController" type="Spatial" parent="."]
script = ExtResource( 3 )
_toothbrush_path = NodePath("../Toothbrush")

[node name="Mouth" parent="." instance=ExtResource( 1 )]

[node name="CameraAnchor" type="Position3D" parent="Mouth"]
transform = Transform( 1, 0, 0, 0, 0.853533, 0.521039, 0, -0.521039, 0.853533, 0, 0, 0 )

[node name="Camera" type="Camera" parent="Mouth/CameraAnchor"]
transform = Transform( 1, 0, 0, 0, 1, 0, 0, 0, 1, 0, 0, 14.9364 )

[node name="MouthLight" type="SpotLight" parent="."]
transform = Transform( 1, 0, 0, 0, 0.915978, 0.401229, 0, -0.401229, 0.915978, 0, 4.03877, 7.53448 )
light_energy = 0.412
spot_range = 6.07667
spot_attenuation = 1.23114
spot_angle = 49.9728

[node name="Toothbrush" parent="." instance=ExtResource( 2 )]
transform = Transform( 0.175676, 0, -0.984448, 0, 1, 0, 0.984448, 0, 0.175676, 1000, 0, 7.626 )
script = ExtResource( 4 )
